position: 
  x: -0.120007069028
  y: 0.0603307095067
  z: 1.39236862658
orientation: 
  x: -0.250790756445
  y: -0.661024144711
  z: -0.306035243834
  w: 0.637568432502